dt,acc_x,acc_y,gyr_x,gyr_y,r_imu,p_imu,y_imu,r_cal,p_cal,y_cal,ax_n_imu,ay_n_imu,ax_n_cal,ay_n_cal,ax_n_cal_kalman,dax_n_cal_kalman,dax_n_imu,dax_n_cal
0,-0.188973,-0.357384,0,-0,2.1,-1.11,0,0,-0,0,0.000214249,0.00039798,0.188973,0.357384,0.0947268,0.0947268,0.000214249,0.188973
0.012,-0.188973,-0.357384,0,-0,2.1,-1.11,0,0.126085,-0.0666695,0,0.000214249,0.00039798,0.177644,0.335959,0.122609,0.0278827,0,0.0113293
0.015,-0.188973,-0.357384,0,-0,2.1,-1.11,0,0.274242,-0.14501,0,0.000214249,0.00039798,0.164329,0.310782,0.133243,0.0106334,0,0.0133151
0.015,-0.187994,-0.358363,0,-0,2.1,-1.11,0,0.411728,-0.217047,0,-0.000765383,0.00137645,0.151104,0.288395,0.136947,0.00370418,0.000979632,0.0132249
0.016,-0.187994,-0.358363,0,-0,2.1,-1.11,0,0.547389,-0.288126,0,-0.000765383,0.00137645,0.139019,0.265337,0.137332,0.000384867,0,0.0120846
0.015,-0.187994,-0.358363,0,-0,2.1,-1.11,0,0.664403,-0.349434,0,-0.000765383,0.00137645,0.128594,0.245448,0.13602,0.00131162,0,0.0104246
0.015,-0.188973,-0.358363,0,-0,2.1,-1.11,0,0.772646,-0.406577,0,0.000213549,0.00137645,0.119856,0.227049,0.13383,0.00218984,0.000978932,0.00873803
0.015,-0.188973,-0.358363,0,-0,2.1,-1.11,0,0.872775,-0.459434,0,0.000213549,0.00137645,0.110867,0.210028,0.130981,0.00284904,0,0.00898912
0.015,-0.188973,-0.358363,0,-0,2.1,-1.11,0,0.965398,-0.508327,0,0.000213549,0.00137645,0.102552,0.194282,0.127704,0.00327697,0,0.00831549
0.015,-0.188973,-0.358363,0,-0,2.1,-1.11,0,1.05108,-0.553554,0,0.000213549,0.00137645,0.0948596,0.179717,0.124142,0.00356197,0,0.00769218
0.015,-0.188973,-0.357384,0,-0,2.1,-1.11,0,1.1299,-0.595385,0,0.000214249,0.00039798,0.0877448,0.165337,0.120388,0.00375435,7.00355e-07,0.00711482
0.015,-0.188973,-0.357384,0,-0,2.1,-1.11,0,1.20282,-0.63408,0,0.000214249,0.00039798,0.0811633,0.152941,0.116504,0.00388436,0,0.00658151
0.016,-0.188973,-0.357384,0.01,-0,2.1,-1.11,0,1.27493,-0.672257,0,0.000214249,0.00039798,0.0746695,0.140682,0.112495,0.00400899,0,0.00649381
0.015,-0.188973,-0.357384,0.01,-0,2.1,-1.11,0,1.33712,-0.705185,0,0.000214249,0.00039798,0.0690686,0.130108,0.108439,0.00405601,0,0.00560093
0.015,-0.188973,-0.357384,0.01,-0,2.1,-1.11,0,1.39465,-0.735643,0,0.000214249,0.00039798,0.0638877,0.120327,0.104359,0.00408015,0,0.00518081
0.016,-0.188973,-0.358363,0,-0,2.1,-1.11,0,1.45173,-0.765703,0,0.000232488,0.0014123,0.0587874,0.111625,0.100246,0.00411303,1.8239e-05,0.00510038
0.016,-0.188973,-0.358363,0,-0,2.1,-1.11,0,1.50425,-0.793358,0,0.000232488,0.0014123,0.0540838,0.102697,0.0961209,0.00412465,0,0.0047036
0.015,-0.188973,-0.358363,0,-0,2.1,-1.11,0,1.54954,-0.81721,0,0.000232488,0.0014123,0.050027,0.0949965,0.0920261,0.00409475,0,0.00405678
0.015,-0.188973,-0.358363,0,-0,2.1,-1.11,0,1.59144,-0.839277,0,0.000232488,0.0014123,0.0462738,0.0878736,0.0879713,0.00405484,0,0.00375316
0.016,-0.188973,-0.358363,0,-0,2.1,-1.11,0,1.63278,-0.861049,0,0.000232488,0.0014123,0.0425708,0.0808455,0.0839463,0.00402497,0,0.00370306
0.015,-0.188973,-0.358363,0,-0,2.1,-1.11,0,1.66844,-0.879828,0,0.000232488,0.0014123,0.0393769,0.0747836,0.0799818,0.00396455,0,0.00319383
0.015,-0.188973,-0.358363,0,-0,2.1,-1.11,0,1.70142,-0.897198,0,0.000232488,0.0014123,0.0364227,0.0691763,0.076085,0.0038968,0,0.00295426
0.016,-0.188973,-0.358363,0,-0,2.1,-1.11,0,1.73396,-0.914336,0,0.000232488,0.0014123,0.0335079,0.0636436,0.0722479,0.00383712,0,0.00291482
0.015,-0.188973,-0.358363,0,-0,2.1,-1.11,0,1.76203,-0.929117,0,0.000232488,0.0014123,0.0309939,0.0588717,0.0684937,0.00375415,0,0.00251397
0.015,-0.188973,-0.358363,0,-0,2.1,-1.11,0,1.788,-0.94279,0,0.000232488,0.0014123,0.0286685,0.0544576,0.0648279,0.00366582,0,0.0023254
0.015,-0.188973,-0.358363,0,-0,2.1,-1.11,0,1.81201,-0.955438,0,0.000232488,0.0014123,0.0265175,0.0503744,0.0612552,0.00357267,0,0.002151
0.016,-0.188973,-0.358363,0,-0,2.1,-1.11,0,1.83571,-0.967916,0,0.000232488,0.0014123,0.0243952,0.0463457,0.0577692,0.003486,0,0.00212225
0.015,-0.188973,-0.358363,0,-0,2.1,-1.11,0,1.85615,-0.978679,0,0.000232488,0.0014123,0.0225648,0.0428709,0.0543858,0.00338342,0,0.00183044
0.016,-0.188973,-0.358363,0,-0,2.1,-1.11,0,1.8763,-0.98929,0,0.000213549,0.00137645,0.0207434,0.0394133,0.0510975,0.00328833,1.89394e-05,0.00182135
0.015,-0.188973,-0.357384,0,-0,2.1,-1.11,0,1.89324,-0.998441,0,0.000214249,0.00039798,0.0191875,0.0355531,0.0479184,0.00317907,7.00355e-07,0.00155598
0.015,-0.188973,-0.357384,0,-0,2.1,-1.11,0,1.90892,-1.00691,0,0.000214249,0.00039798,0.0177477,0.0328878,0.0448501,0.00306833,0,0.00143981
0.016,-0.188973,-0.356405,0,-0,2.1,-1.11,0,1.92393,-1.01526,0,0.000214949,-0.00058049,0.0163277,0.0293575,0.0418864,0.00296373,7.00355e-07,0.00141999
0.016,-0.188973,-0.356405,0,-0,2.1,-1.11,0,1.93773,-1.02294,0,0.000214949,-0.00058049,0.0150207,0.02701,0.0390292,0.00285712,0,0.00130698
0.015,-0.188973,-0.356405,0,-0,2.1,-1.11,0,1.94964,-1.02957,0,0.000214949,-0.00058049,0.0138943,0.0249848,0.0362862,0.00274302,0,0.00112639
0.016,-0.188973,-0.356405,0,-0,2.1,-1.11,0,1.9614,-1.0361,0,0.000214949,-0.00058049,0.0127829,0.0229865,0.033651,0.00263524,0,0.00111134
0.015,-0.188973,-0.357384,0.01,-0,2.1,-1.11,0,1.97211,-1.04174,0,0.000214249,0.00039798,0.011823,0.0221432,0.0311287,0.00252226,7.00355e-07,0.000959933
0.015,-0.188973,-0.358363,0.01,-0,2.1,-1.11,0,1.98245,-1.04696,0,0.000213549,0.00137645,0.010935,0.0213632,0.0287179,0.00241084,7.00355e-07,0.00088802
0.016,-0.188973,-0.359342,0,-0,2.1,-1.11,0,1.99296,-1.05211,0,0.000212863,0.00235495,0.0100589,0.0205555,0.0264122,0.00230573,6.85453e-07,0.000876099
0.015,-0.188973,-0.360321,0,-0,2.1,-1.11,0,2.00247,-1.05655,0,0.000231102,0.00336927,0.00931981,0.0199514,0.0242158,0.00219636,1.8239e-05,0.000739083
0.015,-0.188973,-0.360321,0,-0,2.1,-1.11,0,2.01126,-1.06067,0,0.000231102,0.00336927,0.00862017,0.018456,0.0221248,0.00209097,0,0.000699639
0.015,-0.188973,-0.360321,-0.01,-0,2.1,-1.11,0,2.01925,-1.06447,0,0.000231102,0.00336927,0.00797294,0.0170982,0.0201366,0.00198825,0,0.000647232
0.015,-0.188973,-0.360321,-0.01,-0,2.1,-1.11,0,2.02664,-1.06799,0,0.000231102,0.00336927,0.0073743,0.0158424,0.0182482,0.00188838,0,0.000598639
0.015,-0.188973,-0.359342,-0.01,-0,2.1,-1.11,0,2.03304,-1.07125,0,0.000231802,0.0023908,0.00682116,0.0137756,0.0164567,0.00179145,7.00355e-07,0.000553146
0.015,-0.188973,-0.358363,-0.01,-0,2.1,-1.11,0,2.03851,-1.07426,0,0.000213549,0.00137645,0.00629261,0.0118317,0.0147577,0.00169901,1.82539e-05,0.000528544
0.015,-0.188973,-0.357384,-0.01,-0,2.1,-1.11,0,2.04314,-1.07703,0,0.000214249,0.00039798,0.00582059,0.0100656,0.0131496,0.00160817,7.00355e-07,0.000472024
0.015,-0.188973,-0.356405,-0.01,0.01,2.1,-1.11,0,2.04699,-1.07946,0,0.000214949,-0.00058049,0.00540946,0.00843212,0.011631,0.00151853,7.00355e-07,0.000411123
0.016,-0.188973,-0.356405,-0.01,0.01,2.1,-1.11,0,2.0508,-1.08184,0,0.000214949,-0.00058049,0.00500317,0.00778577,0.0101964,0.00143459,0,0.000406295
0.015,-0.188973,-0.356405,-0.01,0.01,2.1,-1.11,0,2.05407,-1.08391,0,0.000214949,-0.00058049,0.00465278,0.00722837,0.00884459,0.00135184,0,0.000350386
0.016,-0.188973,-0.356405,0,0.01,2.1,-1.11,0,2.05747,-1.08594,0,0.000214949,-0.00058049,0.00430702,0.00665113,0.00757018,0.00127441,0,0.000345767
0.015,-0.188973,-0.357384,0,0.01,2.1,-1.11,0,2.06083,-1.08769,0,0.000214249,0.00039798,0.00400914,0.00705796,0.00637175,0.00119844,7.00355e-07,0.000297874
0.016,-0.188973,-0.358363,0,-0,2.1,-1.11,0,2.06463,-1.08958,0,0.000232488,0.0014123,0.00370511,0.00742632,0.00524352,0.00112823,1.8239e-05,0.000304028
0.015,-0.188973,-0.358363,0,-0,2.1,-1.11,0,2.06788,-1.0912,0,0.000213549,0.00137645,0.00341029,0.00683728,0.00418134,0.00106218,1.89394e-05,0.000294819
0.016,-0.188973,-0.358363,0,-0,2.1,-1.11,0,2.07111,-1.09281,0,0.000232488,0.0014123,0.00315487,0.00632328,0.00318378,0.000997557,1.89394e-05,0.000255421
0.015,-0.188973,-0.358363,0,-0,2.1,-1.11,0,2.0739,-1.0942,0,0.000232488,0.0014123,0.00291848,0.00584948,0.00224784,0.000935941,0,0.000236392
0.016,-0.188973,-0.358363,0,-0,2.1,-1.11,0,2.07665,-1.09558,0,0.000232488,0.0014123,0.00268525,0.00538203,0.00136942,0.000878422,0,0.000233233
0.015,-0.188973,-0.357384,0,-0,2.1,-1.11,0,2.07859,-1.09676,0,0.000233188,0.000433832,0.00248471,0.00407377,0.000547079,0.000822338,7.00355e-07,0.00020054